Audio filename,Accuracy Score
000010011,8
000010035,8
000010053,9
000010063,10
000010069,9
000010075,9
000010089,10
000010095,10
000010106,9
000010113,6
000010115,9
000010121,9
000010122,9
000010133,8
000010135,8
000010140,8
000010145,9
000010149,8
000010168,10
000010173,9
000030012,9
000030024,7
000030040,9
000030047,8
000030049,9
000030051,7
000030054,8
000030059,8
000030067,8
000030069,9
000030079,8
000030080,9
000030097,7
000030101,9
000030116,9
000030119,9
000030145,8
000030153,9
000030154,9
000030175,10
000050003,8
000050010,7
000050024,7
000050028,8
000050038,7
000050040,8
000050047,7
000050049,7
000050055,9
000050078,7
000050079,7
000050083,6
000050095,7
000050099,7
000050100,8
000050114,8
000050118,6
000050122,6
000050174,8
000050175,9
000060015,9
000060020,9
000060029,9
000060031,9
000060049,8
000060056,10
000060077,9
000060081,10
000060082,9
000060083,10
000060094,10
000060102,10
000060106,10
000060111,10
000060113,10
000060116,10
000060124,9
000060130,10
000060136,9
000060153,9
000240010,9
000240031,10
000240060,9
000240071,9
000240073,9
000240099,9
000240115,9
000240116,9
000240151,10
000240152,10
000240248,10
000240284,8
000240287,9
000240289,8
000240320,9
000240323,7
000240324,9
000240329,9
000240350,9
000240352,9
000260001,6
000260011,8
000260015,9
000260032,8
000260033,9
000260039,9
000260048,9
000260050,9
000260052,10
000260069,7
000260075,9
000260091,8
000260095,8
000260096,9
000260112,9
000260115,9
000260121,9
000260126,9
000260133,10
000260166,9
000360013,9
000360034,9
000360036,9
000360132,9
000360133,8
000360161,7
000360190,9
000360210,9
000360223,7
000360241,8
000360264,7
000360283,8
000360313,8
000360314,9
000360332,9
000360334,9
000360339,8
000360343,9
000360360,7
000360378,9
000440005,6
000440021,7
000440032,8
000440035,7
000440043,7
000440045,9
000440049,8
000440062,7
000440082,6
000440089,8
000440090,8
000440099,7
000440104,6
000440126,7
000440132,8
000440145,7
000440147,7
000440163,7
000440173,8
000440175,4
000480010,8
000480014,6
000480015,8
000480016,6
000480019,7
000480023,6
000480033,5
000480045,7
000480068,7
000480081,7
000480089,7
000480090,4
000480108,5
000480119,7
000480125,5
000480134,6
000480136,5
000480151,7
000480158,7
000480159,7
000490002,9
000490017,7
000490032,8
000490047,8
000490052,9
000490086,8
000490087,8
000490088,8
000490092,8
000490097,6
000490101,7
000490102,8
000490117,7
000490134,8
000490144,8
000490151,9
000490157,9
000490162,9
000490164,9
000490175,9
000530003,8
000530006,9
000530019,8
000530027,7
000530030,9
000530037,9
000530054,9
000530055,9
000530060,7
000530063,6
000530076,8
000530077,7
000530094,8
000530109,8
000530112,7
000530115,8
000530145,4
000530154,8
000530163,8
000530174,8
000540001,9
000540004,8
000540014,8
000540018,8
000540031,9
000540054,9
000540055,8
000540058,8
000540062,6
000540072,9
000540077,8
000540088,8
000540106,7
000540111,8
000540117,8
000540123,8
000540127,8
000540130,8
000540156,8
000540163,8
000560016,8
000560017,8
000560026,6
000560030,7
000560033,8
000560038,6
000560058,7
000560068,7
000560074,9
000560075,8
000560084,7
000560086,8
000560088,8
000560116,7
000560117,7
000560134,8
000560154,8
000560159,6
000560162,7
000560172,7
000700008,8
000700010,7
000700012,8
000700015,8
000700019,7
000700034,9
000700037,8
000700046,8
000700048,8
000700053,8
000700063,7
000700065,5
000700082,9
000700109,8
000700120,8
000700123,9
000700130,8
000700151,9
000700156,6
000700174,9
000750005,8
000750015,8
000750020,7
000750024,8
000750026,7
000750029,9
000750045,7
000750068,6
000750080,7
000750082,8
000750085,8
000750091,9
000750101,8
000750106,8
000750108,8
000750123,8
000750128,6
000750134,7
000750140,8
000750149,8
000920002,4
000920009,8
000920010,8
000920025,8
000920040,9
000920051,8
000920055,8
000920074,9
000920092,8
000920094,8
000920099,8
000920104,8
000920122,9
000920126,8
000920129,8
000920134,8
000920136,8
000920149,7
000920167,7
000920173,7
000930005,8
000930014,8
000930018,7
000930026,9
000930035,8
000930040,8
000930048,7
000930050,9
000930051,8
000930056,8
000930089,9
000930091,8
000930095,8
000930099,8
000930101,8
000930111,8
000930148,8
000930151,7
000930155,8
000930162,9
000940012,9
000940015,9
000940021,9
000940027,10
000940032,9
000940042,9
000940049,9
000940067,9
000940068,10
000940073,8
000940074,10
000940086,10
000940093,7
000940102,9
000940103,9
000940122,9
000940133,9
000940147,9
000940150,9
000940173,9
000960002,8
000960008,7
000960019,7
000960040,6
000960043,7
000960046,8
000960048,5
000960049,7
000960050,8
000960052,7
000960054,8
000960066,8
000960071,7
000960073,8
000960084,7
000960090,7
000960093,7
000960136,8
000960167,9
000960168,8
001030008,9
001030013,8
001030032,8
001030048,9
001030053,9
001030054,9
001030060,8
001030061,8
001030065,9
001030077,8
001030078,9
001030090,9
001030099,8
001030102,8
001030103,8
001030121,8
001030136,8
001030143,9
001030144,8
001030155,9
001040022,9
001040026,9
001040038,8
001040050,9
001040062,9
001040067,9
001040069,9
001040071,8
001040073,8
001040100,9
001040104,8
001040106,8
001040108,7
001040115,8
001040120,8
001040122,8
001040134,9
001040136,9
001040149,8
001040173,8
001110009,8
001110023,9
001110039,9
001110040,10
001110047,9
001110056,6
001110060,7
001110067,8
001110072,8
001110076,8
001110094,8
001110099,8
001110114,9
001110122,7
001110129,7
001110135,7
001110137,8
001110141,7
001110151,9
001110173,7
001120010,9
001120013,4
001120024,5
001120031,9
001120038,9
001120063,8
001120078,8
001120090,9
001120097,7
001120098,7
001120101,7
001120105,6
001120119,6
001120130,7
001120136,8
001120141,7
001120148,7
001120156,7
001120159,9
001120162,8
001130002,8
001130005,8
001130019,8
001130021,8
001130023,8
001130024,8
001130039,9
001130047,9
001130054,7
001130073,8
001130074,9
001130082,8
001130087,7
001130102,8
001130118,8
001130123,8
001130138,9
001130155,9
001130168,9
001130173,9
001140008,9
001140045,9
001140046,10
001140049,10
001140054,9
001140056,9
001140059,8
001140064,9
001140068,9
001140099,8
001140100,7
001140104,9
001140108,8
001140120,8
001140130,7
001140133,8
001140140,8
001140146,9
001140159,9
001140163,9
001200015,9
001200016,8
001200050,9
001200081,9
001200098,7
001200103,9
001200114,8
001200121,9
001200126,10
001200145,8
001200146,10
001200159,9
001200161,10
001200162,10
001200168,9
001200209,9
001200210,9
001200306,9
001200338,9
001200350,9
001220013,7
001220015,7
001220021,8
001220031,8
001220034,8
001220037,7
001220038,8
001220051,9
001220068,8
001220093,7
001220101,7
001220104,8
001220127,6
001220129,7
001220137,7
001220138,7
001220159,7
001220163,7
001220166,9
001220168,8
001310020,8
001310022,8
001310023,9
001310061,9
001310062,9
001310076,9
001310078,9
001310081,8
001310096,9
001310122,8
001310123,8
001310129,8
001310144,8
001310148,9
001310152,8
001310154,9
001310155,9
001310162,3
001310165,8
001310168,8
001330002,8
001330027,8
001330033,7
001330057,8
001330067,9
001330068,9
001330075,7
001330097,7
001330099,8
001330112,8
001330115,8
001330118,8
001330126,9
001330128,9
001330129,7
001330143,6
001330146,9
001330155,5
001330170,8
001330172,8
001350002,9
001350091,8
001350119,9
001350124,9
001350134,9
001350163,9
001350174,9
001350180,10
001350194,9
001350216,9
001350219,10
001350243,10
001350285,10
001350312,9
001350317,9
001350318,8
001350343,9
001350350,10
001350356,9
001350375,9
001450037,9
001450043,8
001450049,8
001450051,6
001450063,5
001450070,7
001450083,7
001450090,8
001450094,8
001450098,8
001450109,5
001450116,7
001450140,7
001450142,9
001450146,9
001450159,8
001450170,8
001450171,7
001450172,8
001450173,9
001490002,8
001490016,8
001490024,8
001490032,9
001490039,8
001490045,7
001490052,8
001490056,8
001490077,8
001490080,7
001490093,8
001490101,8
001490109,7
001490127,8
001490131,8
001490138,8
001490153,8
001490155,8
001490161,7
001490171,7
001570024,9
001570030,9
001570034,9
001570061,9
001570072,9
001570100,9
001570165,9
001570185,9
001570194,10
001570203,9
001570212,10
001570216,9
001570269,9
001570272,10
001570290,10
001570316,9
001570324,10
001570325,9
001570361,9
001570378,10
003060002,4
003060017,5
003060025,3
003060028,6
003060064,7
003060087,5
003060107,4
003060161,5
003060186,7
003060226,8
003060229,7
003060235,8
003060245,7
003060259,5
003060263,5
003060285,6
003060291,7
003060306,5
003060319,7
003060337,7
004570010,3
004570071,7
004570074,7
004570106,7
004570124,7
004570129,8
004570137,7
004570145,6
004570146,6
004570167,7
004570237,4
004570256,6
004570259,7
004570268,7
004570283,7
004570289,8
004570300,8
004570304,8
004570306,7
004570374,7
004610037,7
004610054,7
004610065,5
004610129,7
004610148,8
004610151,8
004610176,8
004610177,8
004610182,6
004610227,6
004610230,8
004610231,8
004610238,7
004610239,8
004610246,8
004610266,7
004610290,6
004610298,6
004610362,8
004610373,6
004820005,9
004820015,9
004820041,9
004820045,9
004820055,9
004820114,8
004820119,8
004820144,9
004820201,8
004820214,10
004820220,9
004820239,8
004820258,8
004820265,10
004820268,8
004820329,9
004820353,8
004820370,3
004820371,9
004820378,8
005600015,7
005600060,8
005600065,8
005600129,7
005600145,9
005600146,8
005600153,8
005600154,8
005600180,8
005600199,8
005600205,7
005600212,7
005600214,7
005600268,7
005600294,7
005600296,6
005600298,7
005600318,7
005600365,7
005600370,7
005630017,7
005630044,7
005630072,7
005630081,8
005630122,8
005630127,8
005630142,8
005630147,7
005630151,6
005630160,7
005630169,8
005630195,8
005630225,8
005630267,7
005630284,7
005630291,8
005630302,8
005630315,7
005630330,7
005630375,8
005670043,7
005670055,6
005670113,7
005670122,7
005670125,6
005670137,8
005670147,6
005670155,5
005670159,8
005670160,7
005670189,8
005670198,8
005670282,6
005670289,7
005670292,7
005670303,4
005670310,7
005670320,7
005670348,6
005670356,5
005750059,7
005750067,8
005750089,8
005750099,7
005750150,8
005750168,8
005750178,7
005750179,8
005750237,7
005750249,8
005750268,7
005750270,7
005750290,8
005750297,8
005750298,8
005750300,7
005750303,8
005750321,8
005750330,8
005750347,7
005940019,8
005940025,8
005940141,8
005940142,8
005940164,7
005940174,7
005940193,8
005940195,3
005940234,6
005940237,7
005940238,6
005940252,7
005940263,7
005940267,3
005940271,8
005940283,8
005940304,8
005940318,6
005940373,6
005940380,3
007360004,6
007360006,5
007360036,7
007360045,6
007360055,6
007360108,3
007360181,7
007360196,6
007360205,9
007360212,6
007360233,6
007360247,6
007360249,4
007360250,8
007360280,6
007360281,7
007360296,7
007360299,5
007360305,4
007360374,7
007390013,6
007390019,4
007390062,7
007390070,6
007390072,7
007390092,7
007390119,7
007390120,8
007390139,7
007390160,7
007390195,7
007390197,7
007390208,7
007390211,7
007390220,7
007390228,7
007390238,7
007390281,7
007390294,7
007390355,6
007650036,7
007650061,6
007650076,6
007650078,6
007650084,6
007650089,7
007650116,7
007650131,6
007650174,6
007650181,8
007650192,8
007650197,8
007650254,8
007650271,8
007650294,6
007650337,7
007650346,7
007650352,7
007650369,6
007650377,8
008110043,9
008110049,8
008110106,9
008110107,9
008110110,8
008110113,9
008110116,10
008110147,9
008110159,9
008110175,10
008110204,10
008110209,10
008110224,9
008110247,8
008110258,10
008110286,10
008110287,8
008110307,9
008110340,9
008110371,9
008130061,9
008130081,9
008130091,9
008130100,9
008130153,10
008130196,10
008130222,9
008130233,9
008130257,10
008130271,10
008130281,10
008130282,10
008130283,9
008130288,9
008130301,10
008130339,10
008130340,9
008130346,8
008130356,10
008130380,9
009600062,7
009600113,7
009600118,7
009600120,8
009600127,8
009600129,8
009600133,7
009600140,8
009600186,9
009600190,7
009600205,7
009600215,8
009600262,8
009600267,9
009600270,8
009600287,8
009600335,7
009600337,6
009600338,7
009600343,7
009810029,9
009810073,7
009810075,8
009810106,8
009810112,7
009810153,7
009810155,8
009810196,7
009810200,8
009810204,8
009810230,8
009810235,8
009810249,8
009810258,7
009810283,8
009810293,9
009810305,8
009810327,8
009810344,8
009810349,8
010120008,9
010120059,8
010120071,8
010120128,9
010120148,9
010120166,9
010120180,9
010120193,9
010120200,9
010120208,9
010120212,9
010120219,9
010120243,8
010120255,9
010120265,8
010120269,9
010120303,9
010120334,9
010120335,10
010120374,9
010270117,9
010270124,9
010270131,10
010270140,9
010270170,9
010270198,9
010270226,9
010270238,10
010270265,9
010270268,9
010270294,9
010270301,8
010270306,9
010270314,9
010270349,9
010270354,9
010270356,9
010270366,9
010270368,9
010270377,8
010290003,9
010290066,9
010290094,10
010290096,9
010290123,8
010290152,9
010290179,9
010290189,9
010290229,10
010290236,10
010290252,10
010290260,10
010290276,10
010290287,10
010290294,9
010290320,9
010290330,9
010290341,9
010290361,8
010290362,9
010300003,9
010300105,8
010300106,9
010300123,9
010300128,8
010300133,9
010300153,9
010300157,9
010300159,9
010300169,9
010300194,9
010300216,9
010300217,9
010300236,10
010300275,9
010300282,10
010300298,10
010300316,9
010300325,9
010300328,9
010330026,9
010330033,8
010330035,9
010330052,8
010330053,9
010330085,9
010330103,9
010330129,8
010330139,9
010330147,9
010330197,9
010330206,9
010330235,8
010330241,9
010330257,9
010330268,9
010330277,9
010330325,9
010330345,9
010330346,9
010370025,8
010370070,9
010370099,9
010370102,9
010370131,9
010370140,9
010370202,9
010370204,10
010370216,8
010370217,9
010370232,10
010370234,9
010370246,9
010370251,10
010370253,10
010370265,10
010370290,8
010370309,9
010370352,9
010370380,9
010390004,9
010390027,8
010390039,10
010390041,9
010390064,9
010390126,9
010390166,9
010390170,9
010390175,9
010390183,10
010390189,10
010390216,9
010390218,10
010390244,9
010390257,9
010390269,10
010390285,8
010390303,8
010390341,8
010390366,9
010420022,8
010420023,8
010420025,8
010420034,8
010420040,7
010420047,10
010420059,7
010420060,8
010420064,7
010420102,7
010420105,9
010420107,8
010420129,8
010420133,9
010420134,8
010420143,7
010420151,7
010420157,8
010420167,8
010420175,8
010440006,8
010440008,8
010440012,8
010440017,9
010440038,10
010440039,8
010440053,9
010440064,8
010440077,8
010440093,7
010440099,9
010440106,8
010440107,8
010440117,9
010440119,8
010440120,9
010440127,8
010440149,9
010440150,9
010440154,9
010460017,6
010460020,8
010460030,7
010460034,8
010460041,7
010460050,8
010460053,8
010460061,8
010460066,7
010460079,8
010460088,7
010460111,8
010460114,6
010460120,6
010460149,6
010460152,9
010460153,4
010460155,7
010460158,9
010460162,8
010500012,7
010500018,7
010500028,6
010500058,5
010500071,8
010500073,8
010500083,8
010500085,7
010500089,7
010500090,7
010500100,8
010500108,8
010500110,9
010500113,8
010500131,8
010500147,7
010500149,7
010500152,8
010500163,8
010500167,9
010610015,9
010610017,8
010610024,7
010610025,7
010610035,8
010610057,8
010610067,7
010610069,8
010610073,8
010610080,9
010610087,8
010610094,7
010610099,7
010610102,8
010610113,7
010610114,7
010610129,7
010610151,7
010610165,7
010610171,7
010640005,8
010640017,8
010640028,8
010640034,8
010640036,8
010640056,6
010640082,7
010640098,8
010640166,8
010640210,8
010640212,8
010640242,8
010640250,9
010640277,8
010640280,8
010640284,8
010640286,8
010640297,7
010640314,8
010640366,6
010750002,9
010750003,8
010750010,9
010750011,8
010750021,8
010750024,8
010750026,9
010750035,8
010750043,9
010750060,8
010750062,7
010750072,7
010750094,6
010750097,9
010750099,8
010750102,8
010750104,7
010750117,9
010750163,8
010750168,8
010760001,8
010760002,7
010760013,8
010760032,7
010760038,7
010760046,7
010760060,7
010760062,8
010760067,8
010760076,7
010760079,7
010760089,3
010760097,7
010760108,7
010760111,3
010760116,7
010760136,5
010760151,8
010760162,7
010760169,7
010920012,8
010920024,7
010920025,6
010920030,8
010920032,8
010920033,7
010920043,8
010920044,8
010920065,6
010920070,6
010920075,8
010920101,8
010920105,7
010920125,4
010920126,7
010920138,6
010920141,8
010920153,7
010920159,8
010920165,8
010990020,9
010990048,9
010990060,9
010990063,9
010990082,9
010990087,10
010990123,9
010990139,9
010990162,9
010990165,9
010990188,9
010990202,10
010990218,10
010990239,10
010990260,9
010990267,10
010990276,9
010990279,9
010990291,9
010990313,8
011090011,7
011090020,7
011090034,8
011090089,8
011090140,8
011090154,7
011090184,7
011090220,7
011090235,7
011090246,8
011090273,8
011090277,8
011090292,7
011090295,8
011090320,7
011090329,8
011090333,8
011090334,7
011090335,8
011090359,8
011350001,7
011350026,7
011350027,7
011350064,7
011350116,7
011350141,8
011350158,8
011350173,8
011350190,7
011350215,6
011350218,6
011350221,8
011350225,7
011350249,7
011350257,7
011350290,7
011350303,7
011350318,7
011350345,7
011350374,8
011560005,8
011560058,9
011560063,9
011560068,9
011560072,9
011560075,9
011560086,10
011560100,9
011560117,10
011560184,9
011560192,10
011560202,9
011560257,9
011560269,10
011560275,10
011560289,10
011560320,9
011560353,9
011560354,10
011560372,9
011810063,8
011810067,7
011810133,8
011810162,8
011810168,8
011810173,7
011810184,7
011810197,6
011810206,7
011810213,7
011810214,7
011810222,8
011810246,8
011810247,9
011810279,7
011810280,7
011810284,6
011810314,7
011810334,7
011810377,7
011860256,7
011860263,7
011860264,8
011860284,8
011860285,6
011860287,8
011860292,7
011860298,7
011860301,7
011860308,7
011860317,7
011860332,7
011860335,7
011860346,8
011860359,8
011860361,8
011860363,4
011860372,7
011860373,6
011860377,6
011970004,7
011970006,8
011970019,8
011970023,8
011970036,9
011970042,9
011970075,9
011970081,8
011970087,7
011970088,8
011970092,8
011970095,9
011970107,8
011970132,7
011970141,8
011970142,9
011970145,8
011970165,8
011970173,8
011970175,8
012030007,9
012030010,8
012030013,7
012030024,8
012030027,8
012030031,9
012030032,8
012030036,8
012030043,10
012030044,9
012030053,7
012030055,8
012030058,8
012030072,8
012030078,8
012030083,8
012030093,8
012030097,9
012030116,8
012030138,8
012280016,3
012280033,8
012280053,7
012280054,7
012280161,8
012280173,8
012280198,7
012280201,7
012280206,8
012280243,8
012280261,7
012280262,8
012280276,8
012280288,8
012280308,7
012280343,8
012280345,7
012280355,8
012280366,7
012280375,8
012600017,7
012600072,8
012600082,8
012600129,7
012600131,8
012600177,7
012600186,8
012600210,8
012600219,8
012600224,9
012600251,7
012600252,8
012600263,8
012600281,8
012600295,8
012600330,9
012600338,8
012600345,7
012600357,8
012600368,8
012920007,8
012920027,7
012920054,9
012920062,8
012920073,8
012920085,8
012920110,8
012920121,9
012920143,8
012920146,9
012920155,8
012920158,8
012920214,8
012920254,9
012920259,8
012920268,8
012920270,8
012920299,8
012920301,9
012920368,8
012930008,8
012930012,8
012930028,8
012930036,10
012930037,9
012930040,9
012930051,9
012930067,8
012930079,10
012930097,8
012930114,9
012930127,8
012930139,8
012930155,9
012930195,9
012930225,9
012930240,9
012930261,8
012930266,9
012930315,9
013090018,8
013090027,8
013090041,9
013090051,8
013090076,8
013090105,9
013090128,9
013090147,8
013090148,8
013090160,8
013090179,9
013090181,9
013090184,8
013090185,8
013090202,8
013090232,8
013090267,8
013090287,8
013090339,8
013090364,8
013340007,8
013340034,8
013340046,8
013340091,8
013340137,8
013340147,8
013340159,8
013340204,8
013340217,8
013340243,8
013340245,8
013340255,8
013340259,8
013340277,9
013340291,8
013340297,8
013340313,9
013340345,8
013340375,8
013340378,8
013360001,3
013360002,8
013360016,8
013360082,8
013360123,8
013360130,8
013360140,8
013360145,8
013360146,8
013360161,8
013360162,7
013360171,7
013360226,8
013360234,8
013360235,8
013360257,8
013360263,8
013360268,8
013360360,8
013360363,9
013620027,8
013620030,7
013620106,8
013620108,8
013620128,8
013620137,8
013620140,8
013620143,8
013620146,9
013620162,9
013620175,8
013620184,8
013620185,8
013620210,8
013620241,8
013620257,7
013620258,8
013620292,8
013620361,8
013620366,8
013720023,9
013720051,8
013720070,8
013720082,8
013720140,8
013720152,7
013720153,8
013720167,8
013720182,8
013720189,8
013720198,8
013720199,8
013720201,8
013720215,8
013720233,9
013720256,8
013720274,8
013720275,9
013720311,8
013720360,8
014040005,6
014040013,6
014040027,5
014040028,8
014040052,3
014040072,5
014040081,3
014040088,4
014040089,3
014040090,4
014040096,4
014040097,1
014040109,7
014040111,4
014040122,3
014040124,7
014040145,7
014040148,4
014040152,7
014040155,7
014070040,8
014070080,8
014070092,8
014070101,8
014070159,8
014070207,8
014070217,8
014070239,8
014070248,8
014070265,8
014070270,8
014070281,8
014070297,8
014070304,7
014070308,7
014070336,6
014070341,7
014070343,7
014070349,7
014070358,8
014080008,8
014080073,7
014080091,8
014080103,7
014080117,8
014080134,8
014080149,8
014080178,7
014080201,9
014080243,8
014080270,8
014080279,7
014080301,9
014080333,8
014080336,9
014080337,8
014080339,9
014080358,7
014080361,8
014080362,8
014180002,8
014180008,7
014180011,8
014180013,8
014180044,8
014180051,9
014180063,9
014180077,8
014180084,8
014180088,8
014180100,8
014180131,8
014180139,8
014180143,7
014180150,9
014180155,9
014180158,9
014180160,9
014180165,8
014180166,8
014190006,8
014190025,7
014190027,7
014190030,7
014190055,7
014190059,9
014190060,5
014190062,3
014190064,7
014190071,9
014190073,7
014190081,7
014190088,8
014190095,7
014190098,7
014190107,8
014190108,8
014190114,8
014190128,7
014190172,8
014200011,10
014200060,9
014200076,9
014200086,8
014200087,10
014200124,9
014200161,8
014200177,9
014200206,8
014200207,8
014200229,10
014200238,8
014200246,9
014200272,8
014200295,9
014200296,9
014200339,8
014200342,9
014200353,9
014200357,9
014220001,3
014220003,8
014220021,5
014220027,7
014220038,9
014220044,5
014220048,3
014220058,4
014220066,7
014220068,8
014220070,3
014220081,5
014220087,6
014220102,4
014220115,5
014220140,3
014220142,4
014220159,5
014220160,7
014220167,9
014350004,9
014350012,8
014350016,8
014350017,7
014350018,6
014350020,9
014350022,8
014350028,8
014350085,7
014350094,8
014350103,3
014350110,8
014350127,5
014350133,3
014350146,4
014350153,8
014350157,9
014350158,8
014350163,9
014350165,9
014390008,8
014390009,8
014390045,8
014390051,7
014390052,8
014390057,7
014390064,9
014390068,8
014390076,8
014390086,8
014390090,8
014390117,8
014390124,8
014390133,8
014390134,7
014390135,8
014390143,8
014390154,9
014390156,8
014390163,9
014470007,8
014470017,9
014470026,8
014470028,8
014470031,8
014470038,9
014470039,9
014470048,8
014470053,9
014470060,9
014470063,8
014470072,7
014470084,8
014470100,8
014470109,8
014470124,8
014470140,8
014470141,8
014470149,7
014470150,4
014650011,9
014650023,8
014650032,9
014650037,9
014650038,8
014650040,9
014650041,9
014650043,9
014650047,9
014650058,8
014650059,9
014650063,7
014650085,8
014650087,8
014650088,8
014650108,8
014650113,8
014650125,8
014650145,5
014650164,8
014690004,8
014690006,8
014690018,9
014690020,8
014690047,8
014690048,9
014690050,9
014690055,9
014690062,8
014690067,9
014690074,8
014690082,9
014690110,9
014690113,9
014690121,8
014690125,9
014690136,9
014690144,7
014690150,8
014690167,8
015010004,9
015010014,9
015010033,8
015010038,8
015010041,9
015010079,8
015010087,8
015010094,8
015010097,8
015010103,8
015010115,8
015010121,8
015010125,6
015010137,8
015010145,8
015010151,9
015010156,4
015010159,9
015010169,8
015010170,8
015020001,8
015020007,3
015020010,8
015020012,5
015020017,8
015020022,7
015020029,8
015020045,7
015020061,8
015020065,8
015020070,8
015020088,8
015020097,8
015020099,8
015020101,8
015020113,8
015020126,7
015020136,7
015020161,8
015020162,8
015030001,8
015030005,8
015030006,7
015030010,7
015030015,7
015030027,3
015030030,9
015030041,10
015030067,6
015030077,9
015030082,8
015030106,8
015030109,8
015030115,8
015030118,8
015030122,8
015030125,8
015030133,8
015030142,9
015030150,8
020020015,9
020020032,8
020020094,10
020020108,9
020020123,10
020020174,10
020020181,9
020020185,10
020020204,10
020020206,10
020020208,9
020020220,9
020020278,10
020020285,10
020020295,10
020020303,10
020020348,8
020020357,10
020020361,10
020020377,10
020070039,9
020070050,10
020070065,8
020070066,9
020070070,9
020070079,8
020070081,8
020070083,6
020070086,9
020070091,8
020070095,8
020070105,9
020070132,8
020070146,9
020070152,9
020070153,8
020070154,9
020070157,8
020070165,8
020070166,8
020140004,8
020140014,9
020140028,8
020140032,4
020140036,8
020140041,8
020140045,9
020140048,8
020140055,8
020140059,7
020140074,8
020140083,8
020140087,8
020140096,8
020140099,8
020140114,8
020140117,9
020140121,8
020140133,8
020140173,8
020160042,9
020160068,8
020160093,9
020160128,9
020160131,9
020160132,9
020160151,9
020160171,9
020160178,10
020160207,9
020160222,9
020160245,9
020160264,9
020160295,8
020160312,9
020160318,9
020160335,9
020160344,9
020160347,9
020160371,9
020220021,8
020220023,9
020220033,8
020220048,10
020220056,9
020220060,9
020220072,9
020220091,8
020220120,9
020220122,9
020220139,8
020220141,9
020220176,8
020220200,9
020220221,8
020220232,9
020220259,8
020220264,8
020220295,9
020220366,9
020270001,8
020270005,7
020270020,8
020270030,6
020270042,8
020270048,8
020270049,8
020270077,8
020270087,8
020270108,7
020270113,8
020270136,9
020270142,8
020270146,9
020270161,8
020270167,9
020270168,9
020270170,9
020270171,9
020270174,8
020300005,8
020300012,8
020300017,8
020300020,9
020300044,8
020300053,7
020300056,8
020300057,8
020300059,9
020300065,9
020300073,4
020300083,8
020300097,7
020300121,7
020300132,9
020300143,9
020300147,9
020300156,8
020300171,8
020300173,8
020310032,9
020310042,8
020310075,8
020310085,9
020310112,8
020310114,8
020310133,9
020310141,9
020310148,9
020310151,8
020310154,9
020310174,8
020310219,10
020310273,8
020310281,9
020310295,8
020310297,8
020310322,8
020310335,9
020310376,9
020340016,8
020340019,8
020340029,8
020340043,8
020340055,9
020340056,8
020340063,8
020340065,8
020340071,7
020340096,8
020340098,8
020340109,7
020340113,8
020340124,9
020340140,9
020340144,9
020340156,8
020340162,8
020340166,8
020340169,9
020360017,9
020360019,9
020360036,9
020360055,8
020360089,9
020360097,8
020360100,9
020360131,9
020360136,9
020360143,9
020360202,9
020360211,9
020360220,9
020360228,9
020360245,8
020360299,9
020360301,10
020360302,10
020360312,9
020360329,10
020590022,9
020590026,8
020590047,9
020590077,9
020590103,9
020590121,9
020590122,9
020590123,9
020590144,8
020590151,9
020590164,9
020590181,9
020590228,9
020590265,9
020590274,9
020590276,9
020590290,8
020590322,9
020590359,9
020590376,9
020610010,9
020610014,8
020610061,8
020610090,9
020610122,9
020610134,9
020610166,9
020610168,8
020610174,8
020610175,8
020610194,8
020610201,8
020610206,9
020610207,9
020610291,9
020610302,9
020610316,9
020610328,8
020610341,8
020610343,9
020890003,9
020890037,9
020890112,9
020890134,9
020890156,8
020890165,8
020890206,9
020890207,9
020890215,8
020890219,8
020890259,9
020890260,8
020890267,9
020890274,8
020890306,9
020890313,9
020890326,9
020890340,9
020890346,9
020890371,9
021120025,9
021120059,8
021120074,9
021120075,8
021120085,9
021120108,9
021120135,9
021120151,9
021120161,9
021120164,9
021120171,9
021120187,9
021120232,9
021120233,9
021120250,7
021120256,9
021120296,9
021120309,8
021120321,8
021120354,9
021160002,9
021160027,8
021160075,9
021160080,9
021160089,9
021160090,10
021160120,9
021160134,9
021160185,9
021160188,9
021160195,9
021160198,9
021160203,9
021160207,9
021160212,9
021160232,9
021160249,8
021160303,9
021160310,8
021160326,9
021290009,9
021290011,10
021290068,9
021290121,9
021290134,10
021290144,9
021290148,9
021290160,9
021290169,10
021290173,9
021290200,9
021290209,9
021290235,9
021290261,9
021290282,9
021290291,9
021290319,9
021290324,10
021290326,9
021290371,9
021680007,9
021680016,8
021680048,9
021680052,9
021680122,9
021680154,9
021680169,9
021680190,9
021680237,9
021680246,9
021680249,9
021680251,9
021680266,9
021680288,9
021680297,9
021680318,9
021680332,9
021680369,9
021680379,9
021680380,8
021700029,8
021700034,8
021700062,9
021700077,9
021700120,8
021700131,10
021700139,9
021700153,9
021700176,9
021700211,9
021700224,9
021700232,9
021700236,9
021700240,9
021700277,9
021700287,8
021700291,9
021700300,8
021700362,9
021700379,9
021790008,9
021790025,9
021790030,9
021790035,10
021790039,10
021790040,10
021790043,10
021790055,9
021790075,10
021790081,9
021790083,9
021790084,9
021790108,9
021790112,9
021790125,9
021790149,9
021790152,9
021790168,9
021790169,7
021790173,9
022080028,8
022080038,9
022080085,7
022080100,8
022080116,8
022080124,9
022080146,9
022080179,8
022080181,9
022080186,7
022080187,9
022080189,9
022080192,9
022080202,8
022080204,8
022080210,8
022080294,8
022080299,8
022080340,9
022080341,9
022360092,9
022360126,9
022360147,9
022360159,9
022360185,7
022360186,9
022360221,8
022360222,8
022360227,8
022360231,7
022360253,8
022360259,8
022360262,8
022360265,8
022360293,8
022360310,8
022360311,8
022360321,7
022360326,8
022360350,8
022420015,9
022420045,9
022420067,9
022420073,9
022420086,9
022420106,10
022420129,9
022420138,10
022420146,9
022420164,10
022420168,10
022420172,9
022420273,9
022420288,9
022420292,9
022420306,9
022420342,9
022420346,9
022420348,9
022420362,8
022440038,8
022440039,9
022440062,8
022440073,9
022440126,9
022440134,9
022440139,9
022440144,9
022440165,9
022440180,9
022440189,9
022440215,9
022440277,8
022440286,8
022440312,8
022440337,8
022440340,9
022440352,8
022440361,9
022440362,9
022510066,8
022510069,8
022510089,8
022510093,8
022510095,9
022510122,9
022510152,8
022510166,10
022510190,9
022510211,8
022510230,9
022510237,9
022510255,10
022510266,9
022510276,10
022510291,10
022510300,9
022510320,9
022510323,9
022510368,10
022520012,10
022520036,9
022520067,9
022520159,10
022520174,9
022520200,9
022520203,9
022520209,8
022520221,8
022520225,10
022520226,9
022520258,9
022520272,8
022520290,9
022520337,9
022520345,9
022520358,8
022520360,9
022520366,8
022520375,9
022820020,8
022820021,8
022820026,9
022820042,7
022820062,8
022820072,8
022820079,8
022820106,7
022820107,8
022820121,8
022820134,8
022820142,8
022820155,9
022820191,9
022820197,8
022820281,8
022820291,8
022820293,8
022820317,8
022820357,8
023270032,9
023270080,9
023270098,9
023270118,9
023270120,9
023270140,9
023270148,9
023270161,9
023270171,9
023270214,9
023270237,9
023270268,9
023270280,9
023270286,9
023270303,8
023270315,9
023270319,9
023270321,8
023270331,9
023270364,9
023550002,8
023550003,9
023550008,8
023550013,8
023550099,9
023550123,9
023550138,9
023550167,10
023550175,9
023550201,9
023550202,9
023550230,9
023550233,9
023550237,9
023550257,8
023550260,8
023550290,9
023550310,7
023550319,9
023550341,8
023800015,8
023800042,8
023800056,8
023800093,8
023800114,9
023800124,9
023800160,9
023800186,8
023800242,9
023800260,9
023800277,9
023800278,9
023800280,9
023800298,9
023800326,9
023800330,9
023800338,8
023800352,9
023800363,9
023800368,9
024020047,10
024020051,8
024020053,9
024020069,8
024020084,8
024020142,8
024020158,9
024020175,9
024020176,9
024020205,9
024020233,9
024020238,10
024020253,7
024020256,10
024020260,9
024020265,9
024020291,9
024020321,9
024020328,9
024020337,9
024270011,9
024270019,9
024270028,9
024270051,8
024270053,10
024270057,8
024270077,8
024270127,9
024270155,8
024270168,8
024270176,8
024270178,8
024270183,9
024270197,8
024270206,8
024270245,8
024270270,9
024270292,8
024270313,8
024270336,9
024300001,9
024300052,8
024300061,9
024300063,9
024300065,8
024300068,8
024300080,8
024300082,8
024300093,9
024300099,8
024300118,9
024300131,8
024300132,8
024300135,9
024300189,8
024300221,8
024300270,8
024300330,9
024300345,9
024300360,8
024380040,8
024380041,8
024380116,8
024380142,8
024380154,9
024380194,8
024380197,9
024380200,9
024380204,8
024380234,9
024380247,8
024380265,8
024380276,8
024380278,9
024380315,8
024380317,8
024380325,9
024380354,8
024380363,8
024380369,8
024410049,9
024410052,8
024410092,8
024410098,8
024410110,8
024410149,9
024410158,8
024410160,8
024410173,8
024410222,8
024410228,8
024410240,9
024410241,8
024410294,8
024410312,8
024410318,8
024410322,8
024410350,9
024410368,8
024410377,9
024480016,8
024480028,9
024480094,8
024480095,8
024480105,8
024480127,8
024480159,8
024480186,9
024480188,8
024480212,7
024480228,8
024480232,8
024480241,8
024480244,8
024480251,10
024480255,9
024480270,9
024480292,9
024480297,8
024480335,9
024500006,9
024500021,8
024500033,9
024500095,8
024500126,10
024500139,9
024500141,9
024500147,9
024500151,10
024500156,9
024500164,9
024500228,10
024500250,9
024500268,10
024500284,8
024500317,9
024500327,8
024500333,8
024500350,8
024500363,8
024510017,8
024510043,8
024510061,8
024510070,8
024510114,8
024510164,9
024510179,8
024510195,8
024510206,9
024510215,8
024510224,9
024510247,7
024510252,9
024510275,9
024510316,9
024510323,9
024510336,8
024510351,8
024510352,9
024510375,9
024880041,9
024880059,8
024880070,9
024880098,8
024880118,9
024880155,9
024880176,8
024880190,8
024880194,8
024880195,9
024880207,8
024880210,8
024880234,8
024880245,9
024880258,8
024880267,8
024880269,8
024880299,8
024880303,8
024880339,9
025380004,7
025380051,8
025380065,8
025380091,8
025380107,8
025380133,8
025380149,8
025380151,8
025380152,9
025380158,7
025380162,8
025380175,9
025380202,8
025380217,8
025380251,8
025380256,8
025380277,9
025380298,9
025380340,8
025380347,8
026210005,8
026210047,8
026210096,9
026210123,8
026210132,9
026210135,8
026210136,8
026210141,8
026210157,7
026210177,8
026210185,7
026210203,8
026210213,8
026210220,8
026210231,9
026210242,9
026210262,8
026210287,8
026210299,9
026210302,8
027400077,10
027400094,8
027400125,8
027400126,10
027400145,8
027400146,9
027400151,9
027400171,9
027400173,9
027400176,8
027400201,8
027400238,9
027400246,9
027400276,9
027400283,9
027400286,9
027400289,8
027400295,8
027400321,8
027400372,8
027990028,8
027990046,8
027990056,8
027990059,8
027990066,8
027990153,9
027990156,8
027990160,9
027990162,8
027990167,10
027990201,9
027990232,10
027990242,10
027990247,8
027990264,9
027990309,9
027990328,8
027990330,8
027990341,9
027990358,8
028920012,8
028920027,9
028920044,8
028920050,9
028920120,9
028920122,9
028920128,10
028920131,8
028920174,8
028920200,8
028920207,6
028920213,8
028920214,8
028920224,9
028920235,10
028920239,10
028920242,8
028920259,9
028920315,8
028920321,8
028970002,9
028970016,9
028970022,9
028970039,10
028970052,10
028970057,8
028970088,8
028970129,10
028970146,9
028970153,5
028970158,10
028970190,10
028970198,9
028970221,10
028970245,10
028970251,8
028970273,8
028970279,10
028970294,10
028970329,8
029170012,8
029170043,9
029170055,10
029170086,10
029170104,9
029170149,10
029170156,10
029170161,9
029170177,8
029170181,10
029170196,10
029170197,9
029170211,10
029170226,10
029170231,9
029170252,8
029170309,10
029170321,9
029170359,8
029170362,10
029370015,8
029370032,8
029370040,8
029370106,8
029370108,7
029370123,9
029370126,8
029370142,8
029370153,8
029370185,7
029370193,9
029370210,8
029370217,8
029370221,8
029370230,8
029370235,8
029370239,8
029370270,8
029370303,8
029370379,8
029810020,9
029810027,8
029810135,9
029810139,8
029810147,8
029810158,10
029810200,8
029810204,8
029810216,9
029810221,8
029810234,8
029810235,8
029810243,8
029810283,8
029810294,8
029810301,10
029810315,8
029810349,9
029810350,8
029810360,8
030020008,9
030020012,8
030020022,10
030020047,9
030020048,8
030020065,8
030020077,9
030020092,8
030020100,9
030020112,9
030020117,8
030020126,6
030020136,8
030020138,8
030020144,8
030020152,9
030020159,8
030020161,9
030020162,8
030020172,9
030070015,8
030070017,9
030070019,9
030070022,8
030070025,8
030070043,8
030070049,8
030070054,7
030070058,8
030070066,8
030070093,8
030070094,8
030070099,8
030070108,7
030070111,9
030070112,8
030070135,8
030070138,9
030070152,8
030070159,8
030120001,8
030120003,7
030120018,8
030120021,8
030120029,8
030120044,9
030120072,8
030120079,9
030120089,8
030120097,10
030120106,8
030120121,8
030120141,9
030120150,8
030120154,8
030120155,8
030120157,8
030120163,8
030120165,9
030120173,8
030140009,8
030140010,8
030140017,7
030140025,8
030140043,9
030140053,8
030140075,9
030140086,9
030140089,9
030140092,9
030140095,8
030140099,9
030140126,8
030140128,8
030140129,10
030140132,8
030140134,9
030140144,9
030140147,8
030140173,9
030200005,8
030200011,8
030200016,9
030200018,9
030200019,9
030200021,8
030200037,8
030200041,9
030200049,9
030200057,8
030200076,9
030200078,9
030200087,8
030200101,9
030200105,8
030200108,9
030200137,9
030200151,9
030200153,8
030200164,8
030210005,8
030210032,8
030210041,9
030210042,8
030210044,8
030210045,8
030210047,9
030210050,8
030210060,8
030210074,8
030210079,8
030210082,8
030210118,6
030210123,8
030210137,9
030210143,8
030210152,8
030210164,8
030210165,8
030210175,9
030230003,8
030230018,9
030230056,8
030230060,9
030230086,8
030230092,8
030230119,8
030230170,9
030230182,10
030230194,10
030230209,8
030230253,9
030230260,8
030230276,8
030230280,8
030230311,8
030230330,8
030230336,8
030230340,8
030230374,8
030270013,8
030270014,10
030270026,8
030270033,9
030270049,9
030270053,8
030270054,8
030270073,9
030270075,8
030270083,9
030270093,9
030270116,10
030270121,9
030270140,9
030270141,9
030270147,8
030270151,8
030270161,8
030270168,10
030270175,8
030460032,8
030460038,8
030460048,8
030460051,8
030460052,8
030460071,8
030460085,8
030460097,8
030460106,8
030460110,8
030460114,8
030460126,8
030460133,8
030460142,8
030460146,8
030460147,7
030460157,8
030460158,8
030460160,8
030460163,8
030490010,8
030490013,8
030490029,8
030490040,8
030490055,8
030490062,8
030490063,8
030490071,8
030490076,8
030490078,8
030490095,7
030490126,9
030490127,8
030490130,8
030490138,8
030490140,8
030490142,8
030490166,3
030490168,8
030490170,8
030600004,7
030600011,8
030600020,8
030600023,7
030600039,8
030600041,7
030600042,8
030600052,7
030600054,7
030600055,8
030600070,7
030600085,8
030600099,8
030600104,8
030600140,8
030600147,8
030600154,8
030600156,8
030600160,7
030600168,4
030680003,7
030680005,8
030680009,7
030680016,8
030680027,8
030680034,9
030680037,8
030680045,7
030680054,8
030680056,8
030680072,8
030680075,8
030680090,8
030680092,8
030680097,8
030680105,8
030680114,8
030680119,8
030680140,8
030680162,8
030750012,6
030750030,7
030750034,9
030750042,8
030750057,8
030750058,8
030750061,9
030750074,7
030750076,8
030750078,6
030750088,8
030750093,8
030750098,8
030750108,8
030750119,9
030750128,9
030750146,8
030750155,9
030750165,8
030750170,9
030830001,8
030830004,9
030830013,8
030830021,8
030830030,8
030830033,8
030830043,8
030830069,9
030830074,9
030830093,8
030830094,9
030830102,9
030830116,8
030830118,8
030830124,7
030830129,8
030830135,8
030830147,7
030830154,8
030830169,8
030880003,6
030880015,8
030880018,8
030880019,8
030880025,8
030880041,8
030880049,8
030880057,8
030880058,8
030880067,7
030880086,8
030880092,8
030880096,8
030880099,7
030880105,8
030880123,9
030880131,8
030880146,8
030880172,8
030880173,8
032080019,10
032080038,10
032080043,9
032080056,10
032080058,8
032080071,10
032080078,10
032080079,8
032080083,8
032080088,9
032080092,8
032080093,9
032080099,8
032080103,9
032080110,9
032080119,8
032080132,9
032080145,9
032080150,9
032080161,9
032140001,8
032140007,8
032140013,8
032140017,8
032140025,8
032140054,9
032140060,9
032140069,9
032140073,8
032140078,8
032140082,8
032140087,8
032140094,8
032140110,9
032140117,8
032140121,8
032140135,8
032140150,9
032140164,9
032140169,9
034120002,9
034120012,8
034120027,9
034120035,8
034120047,8
034120050,8
034120052,10
034120067,9
034120077,8
034120085,8
034120101,9
034120111,8
034120125,9
034120155,8
034120161,8
034120162,8
034120165,8
034120170,8
034120173,8
034120174,8
034230011,9
034230034,9
034230035,9
034230043,9
034230051,9
034230058,8
034230063,9
034230072,8
034230079,8
034230081,8
034230083,8
034230085,10
034230108,8
034230112,8
034230115,8
034230123,8
034230141,8
034230154,9
034230164,8
034230168,8
036310007,9
036310021,10
036310035,8
036310036,8
036310041,9
036310047,8
036310062,9
036310063,8
036310080,8
036310097,8
036310098,8
036310100,9
036310110,9
036310116,8
036310120,8
036310134,8
036310148,8
036310159,8
036310170,9
036310171,8
036360016,9
036360027,9
036360029,9
036360032,8
036360033,8
036360034,9
036360044,8
036360055,9
036360061,8
036360062,8
036360071,9
036360106,8
036360111,9
036360114,9
036360142,9
036360151,9
036360154,8
036360160,8
036360167,8
036360174,8
038370004,8
038370013,9
038370019,9
038370045,7
038370052,9
038370056,8
038370060,8
038370061,8
038370068,8
038370070,9
038370081,9
038370097,8
038370105,9
038370107,8
038370128,8
038370142,8
038370153,8
038370160,10
038370167,8
038370170,8
040050015,10
040050041,8
040050060,8
040050071,9
040050094,8
040050107,8
040050110,8
040050125,9
040050142,8
040050180,8
040050183,9
040050203,8
040050205,9
040050255,9
040050264,8
040050271,9
040050281,8
040050295,8
040050306,9
040050358,8
050150021,8
050150024,8
050150028,8
050150041,8
050150069,8
050150070,8
050150091,9
050150093,8
050150108,8
050150116,7
050150125,8
050150129,9
050150142,8
050150145,8
050150159,9
050150163,9
050150165,9
050150170,8
050150173,9
050150175,9
050170001,8
050170002,8
050170005,8
050170051,9
050170092,9
050170099,3
050170100,8
050170101,8
050170102,8
050170113,8
050170117,8
050170123,9
050170129,9
050170131,9
050170132,6
050170136,8
050170145,8
050170151,8
050170154,8
050170165,8
050290009,8
050290028,8
050290038,8
050290042,8
050290060,8
050290062,9
050290068,8
050290079,8
050290087,8
050290120,8
050290126,9
050290129,7
050290132,9
050290136,9
050290145,9
050290149,8
050290156,9
050290162,8
050290167,9
050290174,9
050390001,9
050390011,8
050390020,8
050390021,9
050390038,8
050390040,8
050390048,9
050390049,8
050390057,9
050390059,7
050390081,8
050390084,9
050390087,9
050390090,8
050390092,8
050390097,8
050390114,9
050390129,8
050390130,8
050390175,9
050720001,8
050720003,8
050720006,8
050720017,8
050720025,9
050720040,8
050720045,8
050720063,8
050720072,9
050720076,8
050720078,8
050720079,8
050720102,9
050720124,8
050720126,8
050720136,8
050720138,9
050720150,7
050720158,8
050720175,8
051950005,9
051950011,9
051950018,9
051950025,8
051950032,9
051950033,8
051950038,9
051950044,9
051950050,9
051950051,9
051950067,9
051950075,9
051950086,10
051950088,10
051950096,9
051950138,9
051950154,9
051950163,9
051950164,9
051950170,7
052180017,9
052180027,9
052180028,8
052180037,8
052180041,7
052180042,8
052180046,9
052180068,8
052180084,9
052180090,9
052180093,8
052180098,8
052180104,8
052180112,8
052180117,8
052180124,8
052180137,9
052180143,8
052180146,8
052180160,9
052200004,8
052200008,8
052200020,8
052200044,7
052200050,8
052200064,9
052200066,8
052200076,8
052200089,8
052200092,8
052200094,8
052200095,9
052200101,8
052200110,8
052200142,8
052200150,8
052200152,8
052200155,8
052200162,8
052200168,8
054010004,8
054010009,8
054010014,9
054010032,7
054010046,9
054010051,7
054010055,9
054010061,9
054010072,8
054010079,8
054010091,8
054010095,8
054010105,9
054010107,8
054010123,8
054010130,8
054010136,8
054010148,8
054010155,8
054010165,8
054060017,9
054060036,8
054060044,8
054060049,8
054060064,8
054060076,8
054060077,9
054060091,9
054060099,8
054060104,9
054060113,9
054060116,8
054060119,9
054060126,9
054060139,8
054060147,9
054060149,8
054060153,9
054060172,9
054060173,9
054080004,9
054080008,9
054080011,8
054080019,9
054080021,8
054080033,8
054080035,9
054080042,9
054080065,9
054080081,8
054080109,8
054080123,8
054080138,9
054080150,9
054080151,8
054080154,9
054080163,8
054080165,9
054080167,8
054080174,8
054140003,8
054140010,8
054140015,8
054140019,9
054140021,8
054140039,9
054140051,8
054140057,9
054140077,8
054140098,9
054140104,8
054140106,9
054140113,9
054140115,8
054140118,9
054140119,9
054140122,8
054140127,8
054140154,8
054140158,8
054180014,9
054180015,9
054180021,9
054180022,8
054180029,9
054180033,8
054180059,9
054180063,8
054180075,9
054180076,9
054180077,8
054180079,9
054180087,8
054180091,9
054180096,9
054180111,8
054180123,8
054180126,8
054180130,8
054180174,9
054240002,8
054240025,7
054240038,9
054240039,8
054240048,9
054240053,9
054240079,10
054240091,8
054240093,8
054240094,9
054240097,9
054240099,8
054240109,9
054240115,8
054240116,9
054240117,8
054240125,8
054240126,8
054240138,9
054240152,8
054280012,9
054280018,9
054280021,9
054280023,8
054280024,8
054280030,7
054280040,8
054280042,8
054280049,8
054280053,8
054280057,6
054280062,8
054280078,8
054280109,8
054280118,9
054280125,9
054280128,9
054280146,9
054280148,9
054280175,10
054320015,8
054320019,8
054320020,9
054320024,6
054320037,7
054320041,6
054320058,6
054320061,7
054320067,4
054320073,7
054320076,8
054320080,9
054320092,5
054320099,8
054320100,8
054320118,5
054320129,7
054320136,7
054320140,8
054320149,7
055470005,8
055470009,8
055470040,7
055470046,8
055470047,9
055470080,8
055470082,8
055470088,8
055470104,7
055470105,8
055470120,7
055470122,7
055470126,8
055470129,7
055470131,8
055470141,7
055470152,8
055470170,8
055470172,7
055470175,8
055510024,8
055510029,9
055510046,8
055510061,8
055510067,9
055510070,8
055510078,8
055510079,8
055510084,8
055510088,8
055510093,8
055510096,9
055510100,8
055510110,9
055510122,8
055510130,8
055510143,8
055510156,8
055510164,8
055510165,8
060100004,8
060100009,7
060100031,8
060100034,8
060100037,8
060100041,8
060100047,8
060100066,8
060100081,9
060100092,9
060100100,7
060100101,8
060100105,8
060100124,10
060100128,8
060100132,8
060100147,8
060100154,9
060100159,8
060100164,9
060480005,8
060480008,8
060480012,9
060480018,8
060480037,9
060480050,8
060480082,8
060480084,8
060480090,9
060480094,9
060480102,8
060480104,8
060480131,8
060480134,8
060480135,8
060480145,8
060480147,8
060480148,9
060480168,8
060480169,8
060670002,9
060670003,8
060670017,9
060670029,8
060670035,9
060670036,8
060670038,8
060670041,8
060670044,7
060670049,8
060670060,8
060670062,8
060670072,8
060670075,8
060670080,8
060670094,8
060670111,8
060670140,8
060670144,8
060670149,9
060990011,9
060990014,8
060990023,8
060990029,8
060990030,8
060990034,8
060990035,8
060990039,8
060990059,7
060990078,8
060990083,9
060990089,8
060990093,8
060990117,8
060990121,8
060990124,8
060990129,8
060990155,8
060990168,8
060990175,7
061210013,9
061210031,10
061210059,9
061210060,9
061210063,9
061210068,9
061210069,9
061210071,10
061210075,9
061210086,10
061210095,9
061210109,9
061210128,10
061210129,9
061210140,10
061210141,10
061210142,10
061210147,9
061210148,8
061210174,9
064010049,8
064010056,7
064010057,7
064010066,8
064010067,8
064010086,8
064010092,8
064010093,8
064010103,8
064010107,8
064010109,9
064010120,7
064010123,7
064010135,7
064010141,8
064010150,6
064010161,7
064010164,8
064010172,8
064010173,7
065040005,9
065040007,9
065040009,8
065040011,8
065040028,8
065040042,8
065040044,8
065040045,8
065040049,8
065040077,10
065040112,9
065040118,9
065040124,8
065040125,9
065040126,9
065040127,9
065040133,8
065040134,9
065040137,9
065040160,9
069020006,6
069020020,6
069020024,3
069020037,8
069020044,7
069020048,7
069020059,3
069020065,4
069020075,3
069020090,4
069020091,5
069020096,7
069020103,6
069020114,7
069020123,8
069020143,7
069020155,6
069020163,3
069020168,4
069020175,8
069120003,9
069120014,4
069120020,9
069120025,9
069120052,8
069120059,7
069120061,9
069120072,6
069120083,8
069120087,9
069120092,8
069120093,8
069120094,8
069120106,8
069120121,8
069120123,9
069120140,8
069120151,8
069120165,8
069120170,8
070010001,6
070010002,6
070010003,5
070010004,3
070010005,4
070010006,5
070010007,6
070010008,4
070010009,5
070010010,4
070010011,7
070010012,6
070010013,6
070010014,6
070010015,5
070010016,6
070010017,4
070010018,5
070010019,6
070010020,5
075510004,9
075510010,8
075510017,9
075510036,9
075510038,8
075510041,9
075510057,9
075510076,9
075510086,9
075510090,8
075510091,8
075510099,8
075510129,8
075510131,8
075510137,8
075510142,8
075510144,8
075510163,8
075510165,8
075510167,8
080020001,5
080020002,3
080020003,4
080020004,7
080020005,3
080020006,4
080020007,5
080020008,3
080020009,4
080020010,5
080020011,7
080020012,4
080020013,6
080020014,3
080020015,7
080020016,5
080020017,6
080020018,4
080020019,5
080020020,6
080570004,8
080570009,7
080570013,8
080570014,8
080570031,8
080570053,9
080570067,8
080570071,8
080570072,8
080570080,8
080570081,8
080570087,9
080570089,8
080570102,8
080570127,8
080570138,8
080570143,7
080570144,8
080570146,8
080570157,8
080630011,8
080630014,8
080630019,9
080630030,9
080630038,9
080630044,9
080630053,9
080630062,9
080630086,9
080630090,8
080630091,9
080630093,9
080630094,9
080630123,9
080630125,9
080630140,9
080630147,9
080630152,8
080630155,8
080630170,8
080680011,8
080680020,9
080680029,7
080680031,9
080680056,9
080680060,9
080680066,9
080680069,9
080680084,8
080680090,8
080680095,9
080680106,8
080680108,8
080680129,8
080680133,9
080680151,8
080680153,9
080680170,8
080680173,9
080680174,8
081530002,8
081530014,8
081530016,8
081530018,8
081530023,8
081530038,8
081530065,9
081530073,8
081530085,8
081530088,8
081530096,7
081530100,8
081530107,9
081530109,8
081530125,8
081530139,9
081530146,8
081530165,9
081530167,8
081530170,8
085810002,9
085810012,8
085810018,9
085810038,7
085810040,8
085810043,8
085810048,8
085810056,9
085810078,7
085810084,8
085810086,10
085810112,8
085810116,7
085810119,8
085810120,8
085810121,8
085810152,10
085810159,9
085810163,8
085810167,7
085840013,8
085840020,8
085840022,8
085840036,8
085840040,9
085840059,8
085840072,9
085840075,8
085840077,7
085840086,9
085840089,6
085840092,9
085840099,6
085840115,9
085840117,9
085840123,8
085840141,8
085840147,7
085840157,8
085840167,7
085850006,7
085850024,9
085850039,8
085850042,6
085850044,7
085850046,9
085850056,9
085850075,8
085850088,8
085850092,7
085850094,8
085850101,9
085850108,7
085850112,8
085850119,8
085850120,9
085850138,8
085850146,8
085850161,8
085850170,8
090340002,8
090340007,9
090340021,9
090340032,9
090340039,8
090340041,8
090340043,9
090340054,8
090340071,8
090340085,9
090340088,9
090340090,8
090340108,8
090340114,8
090340126,8
090340131,8
090340155,8
090340158,9
090340164,8
090340168,7
090700006,9
090700008,8
090700019,9
090700042,9
090700045,9
090700047,9
090700054,8
090700055,8
090700057,9
090700059,8
090700065,8
090700081,9
090700082,9
090700108,9
090700111,9
090700117,9
090700127,9
090700148,9
090700164,9
090700172,8
090880018,9
090880060,9
090880064,8
090880065,9
090880086,9
090880090,9
090880093,9
090880095,8
090880100,8
090880120,8
090880126,8
090880130,7
090880132,9
090880140,8
090880142,8
090880145,8
090880147,9
090880154,10
090880157,8
090880163,9
091010017,9
091010032,9
091010049,8
091010050,8
091010055,8
091010063,8
091010070,8
091010072,8
091010082,8
091010100,8
091010107,8
091010109,8
091010123,9
091010127,9
091010133,9
091010138,8
091010139,8
091010142,9
091010149,7
091010151,9
091070001,7
091070033,8
091070038,9
091070040,8
091070049,9
091070056,9
091070061,8
091070065,9
091070074,8
091070089,7
091070108,8
091070135,9
091070138,9
091070140,8
091070142,8
091070143,8
091070162,8
091070163,9
091070174,8
091070175,9
091180015,7
091180025,9
091180035,9
091180042,8
091180044,8
091180050,8
091180056,8
091180064,8
091180075,7
091180078,8
091180088,8
091180091,7
091180101,8
091180110,8
091180133,8
091180151,9
091180157,9
091180159,9
091180161,8
091180163,8
095530005,8
095530010,8
095530011,9
095530016,8
095530028,9
095530041,9
095530049,9
095530059,9
095530066,8
095530082,8
095530083,8
095530085,8
095530116,9
095530118,9
095530129,9
095530144,9
095530152,10
095530154,9
095530161,8
095530173,8
095550027,9
095550043,8
095550044,8
095550046,8
095550051,8
095550053,8
095550073,8
095550075,8
095550081,8
095550082,8
095550092,8
095550100,7
095550107,8
095550116,8
095550126,9
095550134,9
095550143,8
095550146,9
095550148,10
095550173,8
095560005,7
095560008,8
095560010,8
095560017,8
095560031,9
095560037,8
095560051,9
095560054,7
095560069,8
095560080,9
095560083,8
095560108,8
095560115,9
095560129,7
095560133,8
095560150,8
095560153,8
095560163,8
095560164,8
095560170,8
095580008,8
095580012,8
095580016,8
095580039,8
095580045,8
095580056,8
095580067,8
095580071,8
095580078,7
095580088,7
095580097,8
095580099,7
095580101,9
095580102,7
095580116,8
095580128,7
095580133,8
095580157,9
095580166,8
095580173,8
096000002,4
096000003,6
096000004,3
096000005,4
096000006,5
096000007,3
096000008,4
096000009,5
096000010,3
096000011,6
096000012,5
096000013,3
096000014,4
096000015,5
096000016,6
096000017,4
096000018,5
096000020,6
096000021,4
096000022,6
096010001,3
096010002,4
096010004,5
096010005,3
096010006,6
096010007,5
096010008,3
096010009,4
096010010,5
096010011,4
096010012,4
096010013,5
096010015,3
096010016,4
096010018,5
096010019,3
096010020,4
096010021,5
096010022,3
096010023,4
096040001,5
096040002,3
096040004,8
096040005,5
096040006,3
096040007,4
096040008,5
096040009,6
096040010,4
096040011,5
096040012,3
096040014,4
096040015,5
096040016,3
096040018,4
096040019,5
096040021,3
096040023,4
096040024,5
096040025,3
096060001,3
096060002,4
096060003,5
096060004,3
096060005,4
096060006,5
096060007,3
096060008,4
096060009,5
096060010,6
096060011,6
096060012,6
096060013,3
096060014,4
096060015,5
096060016,3
096060017,4
096060019,5
096060020,3
096060022,6
096070002,6
096070003,6
096070005,7
096070006,5
096070007,7
096070008,4
096070011,7
096070012,3
096070013,6
096070014,5
096070015,7
096070016,4
096070017,5
096070018,3
096070019,7
096070020,7
096070021,3
096070022,7
096070023,7
096070024,6
096080003,4
096080005,5
096080006,3
096080007,4
096080008,5
096080009,6
096080010,4
096080012,5
096080013,6
096080014,4
096080015,5
096080017,3
096080018,4
096080021,5
096080022,3
096080023,4
096080024,5
096080025,3
096080026,4
096080027,5
096090001,3
096090003,4
096090005,5
096090006,3
096090007,4
096090008,5
096090010,3
096090011,4
096090014,5
096090015,3
096090017,4
096090018,5
096090019,3
096090020,4
096090021,5
096090023,3
096090024,4
096090025,5
096090026,3
096090027,4
096100001,7
096100002,7
096100003,6
096100004,7
096100005,7
096100006,6
096100007,6
096100008,7
096100009,7
096100010,6
096100011,7
096100012,6
096100013,6
096100014,6
096100015,4
096100016,6
096100017,5
096100018,6
096100019,6
096100020,4
096110001,4
096110002,5
096110003,3
096110004,6
096110005,5
096110006,3
096110008,7
096110009,7
096110011,5
096110012,4
096110013,5
096110014,6
096110015,7
096110016,5
096110017,3
096110018,4
096110019,5
096110021,3
096110022,4
096110023,5
096120001,3
096120002,7
096120003,5
096120004,7
096120005,4
096120006,5
096120007,6
096120008,4
096120009,7
096120010,3
096120011,7
096120012,5
096120013,6
096120014,7
096120015,6
096120016,3
096120017,4
096120018,7
096120019,6
096120020,4
096130001,4
096130002,6
096130003,6
096130004,7
096130005,5
096130006,3
096130007,4
096130008,5
096130009,3
096130010,5
096130011,5
096130012,3
096130013,4
096130014,5
096130016,3
096130017,6
096130018,5
096130019,3
096130020,5
096130021,6
096140002,3
096140003,6
096140004,6
096140005,7
096140006,6
096140007,7
096140008,3
096140009,7
096140010,6
096140011,3
096140012,4
096140014,7
096140015,6
096140016,4
096140017,6
096140018,3
096140019,6
096140020,6
096140021,6
096140022,7
096150003,6
096150005,6
096150006,6
096150007,5
096150009,6
096150010,6
096150011,6
096150012,4
096150013,7
096150016,5
096150017,6
096150018,6
096150019,6
096150020,5
096150021,5
096150024,6
096150025,6
096150026,4
096150027,6
096150028,5
096160001,4
096160002,7
096160003,7
096160004,5
096160005,5
096160006,3
096160007,7
096160008,5
096160009,7
096160010,4
096160011,5
096160012,6
096160013,6
096160014,6
096160015,6
096160016,4
096160017,6
096160018,5
096160019,4
096160020,5
096170001,3
096170002,6
096170003,5
096170004,7
096170006,7
096170007,6
096170008,7
096170009,4
096170010,5
096170011,6
096170012,7
096170013,5
096170014,6
096170015,4
096170018,6
096170020,7
096170021,7
096170022,6
096170023,6
096170024,4
096180001,5
096180002,7
096180004,6
096180005,7
096180007,6
096180008,8
096180009,7
096180010,8
096180011,7
096180012,5
096180013,7
096180014,4
096180015,7
096180016,3
096180017,4
096180018,7
096180019,3
096180020,7
096180021,7
096180022,6
096190001,6
096190002,7
096190003,6
096190004,6
096190005,3
096190006,7
096190007,6
096190008,6
096190009,4
096190010,5
096190011,3
096190012,4
096190013,5
096190014,4
096190015,4
096190016,5
096190017,3
096190019,6
096190020,6
096190021,7
096220001,6
096220002,6
096220003,6
096220004,4
096220005,5
096220006,3
096220007,4
096220008,5
096220009,6
096220010,6
096220011,6
096220012,3
096220013,4
096220014,7
096220015,3
096220016,4
096220017,5
096220018,3
096220019,4
096220020,5
096230001,4
096230002,7
096230004,8
096230005,6
096230006,5
096230007,5
096230008,7
096230009,5
096230010,3
096230011,4
096230012,5
096230013,3
096230014,4
096230015,5
096230016,3
096230017,4
096230018,5
096230019,6
096230020,4
096230021,6
096240001,7
096240002,6
096240003,5
096240004,3
096240005,7
096240006,5
096240007,3
096240008,7
096240009,5
096240010,3
096240011,4
096240012,5
096240013,6
096240014,4
096240015,5
096240016,3
096240017,4
096240019,5
096240020,3
096240021,4
096250001,6
096250002,4
096250003,5
096250004,3
096250005,5
096250007,5
096250008,3
096250009,4
096250010,5
096250011,3
096250012,4
096250013,5
096250014,3
096250015,4
096250016,5
096250017,3
096250018,4
096250020,5
096250021,3
096250023,4
096260002,5
096260003,3
096260004,4
096260005,5
096260006,3
096260007,4
096260008,5
096260009,3
096260011,4
096260012,5
096260013,3
096260014,5
096260015,6
096260016,3
096260017,4
096260018,5
096260019,3
096260020,4
096260021,5
096260022,3
096280011,5
096280012,3
096280013,4
096280014,5
096280015,3
096280016,4
096280017,6
096280018,3
096280019,5
096280020,5
096280021,3
096280022,4
096280023,5
096280024,5
096280025,4
096280026,8
096280027,3
096280028,4
096280029,6
096280030,3
096290001,7
096290002,7
096290004,3
096290005,6
096290006,5
096290007,3
096290008,6
096290009,5
096290010,6
096290011,6
096290012,6
096290014,6
096290015,7
096290016,5
096290017,7
096290018,6
096290020,5
096290021,6
096290022,6
096290023,5
096300001,6
096300002,7
096300003,5
096300004,3
096300005,6
096300006,5
096300007,3
096300008,4
096300009,7
096300010,8
096300011,4
096300012,6
096300013,3
096300014,4
096300015,7
096300016,3
096300017,6
096300018,5
096300019,3
096300020,4
096310001,4
096310002,5
096310003,3
096310004,4
096310005,5
096310006,7
096310007,6
096310008,7
096310009,3
096310010,4
096310011,5
096310012,7
096310013,4
096310014,8
096310015,3
096310016,6
096310017,5
096310018,3
096310019,7
096310020,7
096330003,5
096330005,3
096330006,7
096330007,7
096330008,7
096330009,7
096330010,7
096330011,6
096330012,6
096330013,6
096330014,7
096330015,4
096330016,5
096330017,6
096330018,7
096330019,7
096330020,3
096330021,4
096330022,5
096330023,3
096340004,6
096340005,5
096340006,3
096340007,4
096340008,5
096340009,3
096340010,4
096340011,4
096340012,3
096340013,4
096340014,5
096340015,3
096340016,4
096340017,5
096340018,3
096340019,4
096340020,5
096340021,3
096340022,3
096340023,5
096350006,6
096350007,4
096350008,5
096350009,3
096350010,5
096350011,5
096350012,3
096350013,4
096350014,5
096350015,6
096350016,7
096350018,6
096350019,7
096350020,7
096350021,6
096350023,3
096350024,7
096350025,7
096350026,5
096350027,7
096390001,6
096390002,6
096390003,4
096390004,7
096390005,6
096390006,4
096390007,8
096390008,7
096390009,7
096390010,7
096390011,7
096390012,6
096390013,5
096390014,8
096390015,8
096390016,6
096390017,7
096390018,4
096390019,7
096390020,3
096400001,3
096400002,4
096400004,5
096400006,3
096400007,4
096400008,5
096400010,3
096400012,7
096400013,5
096400014,3
096400016,4
096400018,7
096400019,3
096400020,4
096400021,5
096400022,7
096400024,4
096400025,7
096400026,7
096400028,4
096430002,4
096430003,5
096430004,3
096430005,4
096430006,5
096430007,3
096430008,4
096430009,5
096430010,3
096430011,4
096430012,3
096430013,3
096430014,4
096430015,5
096430016,3
096430017,4
096430018,5
096430019,3
096430020,4
096430021,5
096450001,5
096450002,3
096450003,4
096450004,5
096450005,6
096450006,4
096450007,5
096450008,7
096450010,4
096450011,5
096450012,6
096450013,7
096450014,5
096450015,6
096450016,4
096450017,5
096450018,3
096450019,4
096450020,5
096450021,3
096460002,3
096460003,4
096460004,5
096460005,3
096460006,4
096460007,5
096460008,3
096460009,4
096460010,5
096460011,3
096460012,4
096460013,5
096460014,7
096460015,4
096460016,7
096460017,3
096460018,4
096460019,5
096460020,3
096460021,4
096470002,5
096470003,4
096470004,4
096470005,5
096470007,4
096470008,4
096470010,5
096470011,3
096470012,4
096470013,5
096470014,3
096470015,4
096470016,5
096470017,3
096470018,7
096470019,5
096470020,6
096470021,4
096470022,5
096470023,3
096490001,6
096490002,5
096490003,3
096490004,4
096490005,5
096490006,3
096490007,4
096490008,5
096490009,3
096490010,7
096490011,3
096490012,3
096490013,6
096490014,6
096490015,6
096490016,4
096490017,5
096490018,3
096490019,5
096490020,4
