Speaker,Audio filename,Raw MSE,Human Annotation
0001,000010011,253.4321746826172,8
0001,000010035,394.2098693847656,8
0001,000010053,600.5897827148438,9
0001,000010063,647.6151123046875,10
0001,000010069,736.6881713867188,9
0001,000010075,730.475830078125,9
0001,000010089,438.9186706542969,10
0001,000010095,565.8036499023438,10
0001,000010106,509.3562927246094,9
0001,000010113,420.6718444824219,6
0001,000010115,569.3294067382812,9
0001,000010121,408.7618103027344,9
0001,000010122,739.8525390625,9
0001,000010133,404.0202331542969,8
0001,000010135,510.3863830566406,8
0001,000010140,450.7698974609375,8
0001,000010145,360.7962341308594,9
0001,000010149,443.7749938964844,8
0001,000010168,619.4954223632812,10
0001,000010173,900.5332641601562,9
